87,3
87,2
87,1
87,0
86,4
86,3
86,2
86,1
86,0
85,5
85,4
85,3
85,2
85,1
85,0
84,5
84,4
84,3
84,2
84,1
84,0
83,3
83,2
83,1
83,0
82,4
82,3
82,2
82,1
82,0
81,5
81,4
81,3
81,2
81,1
81,0
80,3
80,2
80,1
80,0
79,5
79,4
79,3
79,2
79,1
79,0
78,5
78,4
78,3
78,2
78,1
78,0
77,5
77,4
77,3
77,2
77,1
77,0
76,3
76,2
76,1
76,0
75,4
75,3
75,2
75,1
75,0
74,5
74,4
74,3
74,2
74,1
74,0
73,3
73,2
73,1
73,0
72,5
72,4
72,3
72,2
72,1
72,0
71,5
71,4
71,3
71,2
71,1
71,0
70,5
70,4
70,3
70,2
70,1
70,0
69,3
69,2
69,1
69,0
68,3
68,2
68,1
68,0
67,3
67,2
67,1
67,0
66,3
66,2
66,1
66,0
65,3
65,2
65,1
65,0
64,3
64,2
64,1
64,0
63,3
63,2
63,1
63,0
62,4
62,3
62,2
62,1
62,0
61,5
61,4
61,3
61,2
61,1
61,0
60,5
60,4
60,3
60,2
60,1
60,0
59,5
59,4
59,3
59,2
59,1
59,0
58,3
58,2
58,1
58,0
57,3
57,2
57,1
57,0
56,3
56,2
56,1
56,0
52,2
39,2
40,2
54,5
54,4
54,2
46,2
40,3
40,1
40,0
39,3
39,1
39,0
4,3
4,2
4,1
4,0
3,6
3,5
3,4
3,3
3,2
3,1
3,0
2,2
1,2
0,322
0,243
1,1
1,3
1,0
2,1
2,3
2,0
52,1
52,3
52,0
54,1
54,3
54,0
46,1
46,3
46,0
0,9
0,310
0,305
0,308
0,304
0,303
0,302
0,307
0,12
0,10
0,8
0,0
0,421
0,300
0,420
0,299
0,419
0,298
0,418
0,297
0,417
0,296
0,416
0,295
0,415
0,294
0,414
0,293
0,413
0,292
0,412
0,291
0,411
0,290
0,410
0,289
0,409
0,288
0,407
0,287
0,406
0,286
0,405
0,285
0,437
0,284
0,404
0,283
0,403
0,282
0,402
0,281
0,401
0,280
0,400
0,279
0,436
0,278
0,435
0,277
0,399
0,276
0,398
0,275
0,434
0,274
0,433
0,273
0,432
0,272
0,397
0,271
0,396
0,270
0,395
0,269
0,394
0,268
0,393
0,267
0,429
0,266
0,392
0,265
0,430
0,264
0,428
0,263
0,391
0,262
0,390
0,261
0,427
0,260
0,426
0,259
0,425
0,258
0,389
0,257
0,388
0,256
0,387
0,255
0,386
0,254
0,385
0,253
0,424
0,252
0,423
0,251
0,383
0,250
0,382
0,249
0,384
0,248
0,381
0,247
0,380
0,246
0,379
0,245
0,378
0,244
0,377
0,242
0,376
0,241
0,375
0,240
0,374
0,239
0,431
0,238
0,422
0,237
0,373
0,236
0,371
0,235
0,370
0,234
0,369
0,233
0,368
0,232
0,367
0,231
0,366
0,230
0,365
0,229
0,359
0,228
0,358
0,227
0,357
0,226
0,364
0,225
0,355
0,224
0,354
0,223
0,356
0,222
0,353
0,221
0,352
0,220
0,351
0,219
0,350
0,218
0,349
0,217
0,348
0,216
0,363
0,215
0,347
0,214
0,346
0,213
0,345
0,212
0,362
0,211
0,343
0,210
0,342
0,209
0,344
0,208
0,341
0,207
0,340
0,206
0,339
0,205
0,338
0,204
0,337
0,203
0,336
0,202
0,372
0,201
0,335
0,200
0,334
0,199
0,333
0,198
0,361
0,197
0,332
0,196
0,331
0,195
0,330
0,194
0,329
0,193
0,328
0,192
0,327
0,63
0,326
0,62
0,325
0,61
0,324
0,60
0,323
0,59
0,321
0,58
0,360
0,57
0,320
0,56
0,319
0,55
0,318
0,54
0,317
0,53
0,316
0,52
0,315
0,51
0,314
0,50
0,313
0,49
0,312
0,48
0,311
0,47
0,309
0,46
0,306
0,45
0,301
0,6
0,5
0,1
0,11
0,4
0,2
0,3
0,7
